.Random.seed <-
c(403L, 10L, -88637853L, -1858803967L, 1805334128L, -623521266L, 
-362063239L, 158991883L, -1183975622L, -625496516L, -691563137L, 
-1579288875L, -1097451796L, -1654822846L, 2095845277L, 930037271L, 
893576062L, -116534984L, 1743486491L, -316448903L, 819677640L, 
-1703545354L, 1583970353L, -1334365597L, 1615793714L, 1228749700L, 
299293127L, 1331327133L, 769181716L, 1829912250L, 764808965L, 
-2111210273L, -1265431194L, 1349462256L, 703753235L, -1934106191L, 
-1528267680L, -439412226L, 110574985L, -903841093L, 1091389066L, 
-400223892L, -1823602961L, -545881819L, -663617572L, -108016206L, 
-1921024851L, -212902809L, 1307624334L, -1672919960L, 411934827L, 
550078985L, -854567784L, 1575561158L, 1322105633L, 1240946611L, 
-688586974L, -639921900L, 749756823L, 1964376461L, 2099210404L, 
660521610L, 1546451189L, 1481912143L, -875849642L, 1968030464L, 
-911600061L, -1365373471L, 1940568400L, -109883474L, 1389552985L, 
-191478933L, 1022640858L, -1444416612L, 1140952991L, -1911269899L, 
-1191954292L, -17614494L, 778695997L, -61286985L, -13696418L, 
1801921432L, 1453296379L, 396821145L, -1039152344L, 746101206L, 
-1013578159L, -1379523325L, 339622034L, 1556147748L, 1420349671L, 
67634493L, 1931174324L, 928128538L, 713399653L, 626516991L, -1956281722L, 
1696580112L, 1571715251L, 1484378961L, 1574928128L, -1257722402L, 
35903017L, -1987830309L, 605414122L, -1639657332L, 2021146575L, 
-2075060347L, -1484983236L, -2105297646L, 495370765L, 324786503L, 
-1414567122L, -319838584L, 844648331L, -1421443223L, 368095544L, 
-1848284186L, 1815567233L, 528331539L, 2033220802L, -1810917516L, 
220060535L, -1931658131L, 1069126404L, -1448064470L, -2121635947L, 
993889327L, -485964490L, 1213549920L, -489059421L, -25834303L, 
-1145320272L, -188306482L, 1151758137L, -1438134453L, 1553390842L, 
-376822276L, 860673599L, -103478507L, 240846892L, -651282174L, 
372388317L, -971124521L, -235308098L, 1338019320L, -404948517L, 
1962694713L, 401867144L, -560108234L, -1814775951L, -1951857245L, 
-906970894L, -1219509180L, -1646813433L, 1921683165L, 215199700L, 
468934394L, 578347589L, -2064125281L, -39542746L, 230450352L, 
1443456339L, 1828954225L, 1952538016L, -81997506L, -2140544951L, 
-1394129669L, -788976438L, -99225044L, 1641719343L, 793798373L, 
95562652L, -360079886L, -11483027L, 847888807L, 1822381006L, 
74783016L, -1058297045L, 503466313L, -1762681256L, 1790480134L, 
-711107871L, -253227405L, -629156126L, 1506495060L, 967021399L, 
-515631283L, -141219100L, 481473226L, -1449342155L, -97730161L, 
-1415465322L, 355096128L, -668012797L, 1472898849L, -1896419312L, 
-399415314L, 614008729L, -1156653013L, 1993307418L, -1310967844L, 
-1926456865L, 1257979317L, -107312308L, -894080606L, 237316349L, 
1163556343L, -1991863522L, 638717400L, -1127684293L, 1366347993L, 
-174228376L, 663667094L, -959643375L, -516705597L, -1070314798L, 
1885158244L, -321868121L, 757307389L, 27644404L, -999399718L, 
1144692773L, 639249727L, 1352114886L, -1399484592L, -1985638541L, 
-1552641647L, -1986149440L, 978106320L, -809772702L, -1882096920L, 
-345049908L, 166988284L, 217915890L, 308207744L, -1306714636L, 
1616132744L, -14125254L, 1673505104L, -1341921172L, -994556524L, 
476544082L, -814366240L, -1080352564L, -1644238176L, -793714302L, 
-1490135832L, -1970521364L, -775364292L, -1776313230L, -1174602128L, 
1373963812L, -718008264L, 424695066L, -1151430448L, 843513148L, 
-590684268L, -152377470L, 662675392L, 545680956L, -1161244272L, 
-827784158L, 337215752L, -159247220L, -1270152420L, -1197850478L, 
-700952192L, -1734366188L, 1961256744L, -1123504582L, 938869200L, 
-1088843412L, 294285236L, -1568872942L, -173984800L, -1590028852L, 
-475749152L, 531871778L, 1871298344L, 1838368268L, -1123771588L, 
1810504690L, 1433015024L, -738975164L, -232425896L, 1960648506L, 
-1158005776L, 465964732L, -774632172L, 1702768834L, 1864451168L, 
1334792572L, 286867408L, -305059550L, -1163698520L, -1059847284L, 
-30546756L, -2012928206L, -2021387712L, -141333324L, -1280752568L, 
-1176624710L, 1219145232L, -557668116L, -1430093484L, -1384079598L, 
1988400544L, 1772333772L, -1271396768L, 2046836674L, 1365490472L, 
1562498476L, 54581564L, -1615321230L, -632407760L, 1122496292L, 
-320295624L, 582855386L, -1019197552L, 1522807548L, -1109225580L, 
2040027202L, 150199552L, 936997948L, -768944816L, 278014114L, 
-664742072L, -1770172660L, -543806756L, -1122321582L, -1525415296L, 
-687830956L, -1670999064L, -478722310L, 1663430992L, -723539156L, 
-1224396940L, 727329682L, 387882592L, -1885782132L, -1349434528L, 
-1969184798L, -215228504L, -325589812L, -1954271748L, 325804978L, 
-951651856L, -1826246204L, -747470504L, -322378374L, -1070784080L, 
-255283268L, 931962964L, 1526588354L, 1186323488L, 1219820732L, 
1733206608L, -1581996062L, 1237708392L, -1851622836L, -61898500L, 
-667955214L, -476801792L, -685781132L, -818294776L, -1492595270L, 
-703707696L, -1033094164L, -3477612L, -1834916910L, 1271289696L, 
766840140L, 780238112L, 687424386L, -1060764952L, -847297300L, 
415863356L, -1562725518L, 1480264304L, -622141404L, 279457592L, 
1572672666L, -377996592L, 1721739452L, -1804036460L, -1526739326L, 
695110848L, 256106812L, -353118064L, 395891234L, -1460523512L, 
-784545524L, 746502812L, -6539758L, 409486720L, -71260652L, -1719575000L, 
1550628154L, -286496816L, -578379156L, 2069270324L, 228412050L, 
-1406285472L, 2094553420L, 914800608L, 533702562L, 1511157672L, 
1616679820L, 640825020L, -70730894L, 1142266096L, 701018180L, 
-2141639336L, -635247558L, 1373150064L, 808250428L, 336524052L, 
-878714430L, 935903456L, 405170044L, 1129916112L, 629978786L, 
897379368L, -1704799988L, -1180345412L, -1066787534L, -1038731328L, 
-1112366540L, 2083978184L, 343164090L, 1535807376L, -849691156L, 
-904961964L, 1364135570L, 932369184L, 857462220L, 355425248L, 
1316850370L, 164252200L, 712681132L, 585837244L, -694519310L, 
608618800L, 1391434916L, 1988954808L, 1020031834L, -1460603504L, 
-1806220932L, -1630677740L, 1356280130L, -525321472L, -463062084L, 
1357833040L, -1493575390L, 923942216L, 1860639298L, 1684999767L, 
-597563999L, 1772684902L, 1144628836L, -87177835L, 1400854207L, 
2137689688L, 1650195062L, 1380497027L, 1433676485L, 321959906L, 
-657522096L, -1534941319L, -352674645L, 507909148L, -2092833974L, 
366838591L, -1665880695L, 10491294L, -1042953140L, 1594572317L, 
-538799193L, -148547888L, -1302517650L, -550723813L, -298016643L, 
-410481046L, -899100920L, 1155100593L, 2118289443L, -1853130460L, 
-954520110L, 1433660967L, 1609816177L, 1697083062L, -552230316L, 
1269645029L, -1224221969L, 619796008L, 461202054L, 538672307L, 
666149397L, 761398386L, 946593984L, 908629289L, -658584677L, 
42048620L, -145448838L, -5076561L, 1175027897L, -890916146L, 
-978644964L, -1423858803L, 1146396151L, 1100902656L, -176169122L, 
-891221973L, -2088474835L, -1828050022L, -1646835368L, -250147647L, 
1459633011L, -203532140L, 560045346L, 1728797751L, -1556253439L, 
777336838L, -1096774076L, 1537791861L, -323949857L, 741471800L, 
-2095782378L, 1805736483L, 1194096101L, 1674873858L, -1527370128L, 
145832985L, 1158659595L, -201343748L, -1442098902L, -1025693857L, 
1216751337L, -947239426L, 294984172L, 1987404093L, -1999474425L, 
-2065121040L, -1210983282L, -1832298821L, -697440611L, -1542970806L, 
-1998471064L, -1910362031L, 469082947L, -535935420L, -1754303246L, 
-1442631481L, -1606892911L, 571178006L, -1051711884L, 1542889733L, 
-732299441L, 1630468424L, -406518554L, 1573280275L, 1250024821L, 
386736466L, -1487304288L, -953368439L, 193095867L, 260326156L, 
-777764198L, 271476751L, -662909863L, 19947758L, -1048583300L, 
-1446834195L, -2000328553L, 2126386016L, -1220340930L, 658979851L, 
-1604920179L, 631438778L, 604148728L, -1763815519L, 101566803L, 
-800110476L, 1302878722L, 1969165463L, 543290977L, 1292009126L, 
-247789916L, 912094037L, -2008936449L, 363818648L, -1824443466L, 
